11.93984925
11.9203791
11.90017778
11.87924777
11.85759155
11.83521169
11.81211076
11.78829139
11.76375626
11.73850809
11.71254961
11.68588364
11.658513
11.63044058
11.60166929
11.57220209
11.54204197
11.51119197
11.47965517
11.44743469
11.41453367
11.3809553
11.34670282
11.3117795
11.27618864
11.23993359
11.20301772
11.16544445
11.12721724
11.08833957
11.04881498
11.00864702
10.96783929
10.92639542
10.88431909
10.84161398
10.79828385
10.75433246
10.7097636
10.66458113
10.61878891
10.57239084
10.52539086
10.47779294
10.42960107
10.3808193
10.33145167
10.28150229
10.23097527
10.17987478
10.128205
10.07597014
10.02317445
9.96982219
9.915917674
9.861465229
9.806469212
9.75093401
9.694864036
9.63826373
9.581137559
9.523490018
9.465325627
9.406648931
9.347464502
9.287776936
9.227590854
9.166910903
9.105741752
9.044088095
8.981954649
8.919346154
8.856267375
8.792723096
8.728718125
8.664257292
8.599345448
8.533987464
8.468188234
8.401952671
8.335285708
8.268192298
8.200677413
8.132746044
8.064403202
7.995653915
7.926503229
7.856956207
7.787017932
7.7166935
7.645988026
7.574906641
7.503454492
7.43163674
7.359458563
7.286925152
7.214041714
7.14081347
7.067245652
6.99334351
6.919112302
6.844557303
6.769683797
6.694497082
6.619002467
6.543205271
6.467110826
6.390724473
6.314051562
6.237097457
6.159867526
6.082367151
6.004601719
5.926576626
5.848297279
5.769769088
5.690997474
5.611987864
5.532745689
5.45327639
5.373585411
5.293678204
5.213560223
5.133236928
5.052713786
4.971996264
4.891089836
4.809999976
4.728732164
4.647291882
4.565684612
4.483915841
4.401991056
4.319915745
4.237695398
4.155335503
4.072841552
3.990219033
3.907473437
3.82461025
3.74163496
3.658553053
3.575370012
3.492091317
3.408722448
3.32526888
3.241736085
3.158129532
3.074454684
2.990717002
2.906921942
2.823074954
2.739181481
2.655246965
2.571276837
2.487276525
2.403251449
2.319207021
2.235148646
2.151081723
2.067011641
1.982943782
1.898883517
1.81483621
1.730807216
1.646801878
1.56282553
1.478883497
1.394981091
1.311123615
1.22731636
1.143564603
1.059873613
0.976248645
0.892694939
0.809217727
0.725822222
0.642513629
0.559297135
0.476177914
0.393161128
0.31025192
0.22745542
0.144776743
0.062220989
-0.020206761
-0.10250144
-0.184657998
-0.266671402
-0.348536636
-0.430248703
-0.51180262
-0.593193427
-0.674416179
-0.75546595
-0.836337834
-0.917026945
-0.997528413
-1.077837392
-1.157949053
-1.237858589
-1.317561212
-1.397052158
-1.47632668
-1.555380055
-1.634207582
-1.712804581
-1.791166393
-1.869288385
-1.947165943
-2.024794479
-2.102169426
-2.179286241
-2.256140406
-2.332727425
-2.40904283
-2.485082172
-2.560841032
-2.636315012
-2.711499742
-2.786390877
-2.860984096
-2.935275105
-3.009259638
-3.082933453
-3.156292335
-3.229332096
-3.302048576
-3.374437642
-3.446495188
-3.518217135
-3.589599435
-3.660638065
-3.731329032
-3.801668371
-3.871652146
-3.94127645
-4.010537405
-4.079431164
-4.147953908
-4.216101847
-4.283871224
-4.351258309
-4.418259405
-4.484870843
-4.551088988
-4.616910234
-4.682331005
-4.747347758
-4.811956983
-4.876155197
-4.939938954
-5.003304837
-5.066249462
-5.128769477
-5.190861563
-5.252522434
-5.313748834
-5.374537545
-5.434885378
-5.49478918
-5.554245828
-5.613252236
-5.67180535
-5.729902151
-5.787539653
-5.844714904
-5.901424987
-5.957667019
-6.013438152
-6.068735573
-6.123556502
-6.177898195
-6.231757944
-6.285133075
-6.338020949
-6.390418963
-6.44232455
-6.493735178
-6.54464835
-6.595061605
-6.64497252
-6.694378705
-6.743277807
-6.791667512
-6.839545538
-6.886909642
-6.933757616
-6.98008729
-7.02589653
-7.071183239
-7.115945355
-7.160180855
-7.203887752
-7.247064097
-7.289707975
-7.331817513
-7.37339087
-7.414426246
-7.454921876
-7.494876034
-7.534287031
-7.573153214
-7.61147297
-7.64924472
-7.686466927
-7.723138087
-7.759256738
-7.794821453
-7.829830842
-7.864283555
-7.898178279
-7.931513739
-7.964288695
-7.99650195
-8.02815234
-8.059238743
-8.08976007
-8.119715275
-8.149103346
-8.177923311
-8.206174235
-8.233855221
-8.260965411
-8.287503982
-8.313470153
-8.338863177
-8.363682347
-8.387926993
-8.411596484
-8.434690225
-8.45720766
-8.47914827
-8.500511574
-8.52129713
-8.541504531
-8.56113341
-8.580183437
-8.598654318
-8.616545798
-8.63385766
-8.650589722
-8.666741843
-8.682313916
-8.697305873
-8.711717682
-8.72554935
-8.738800919
-8.751472469
-8.763564118
-8.775076019
-8.786008363
-8.796361377
-8.806135325
-8.815330509
-8.823947265
-8.831985967
-8.839447026
-8.846330887
-8.852638033
-8.858368983
-8.863524291
-8.868104549
-8.872110382
-8.875542453
-8.87840146
-8.880688136
-8.882403249
-8.883547604
-8.88412204
-8.884127431
-8.883564688
-8.882434753
-8.880738607
-8.878477263
-8.875651768
-8.872263207
-8.868312695
-8.863801383
-8.858730457
-8.853101136
-8.846914672
-8.840172352
-8.832875495
-8.825025455
-8.816623618
-8.807671403
-8.798170263
-8.788121683
-8.777527181
-8.766388307
-8.754706644
-8.742483806
-8.72972144
-8.716421225
-8.702584872
-8.688214122
-8.673310749
-8.657876557
-8.641913382
-8.62542309
-8.608407579
-8.590868776
-8.57280864
-8.554229159
-8.535132351
-8.515520265
-8.495394979
-8.4747586
-8.453613264
-8.431961138
-8.409804417
-8.387145324
-8.363986111
-8.340329059
-8.316176476
-8.2915307
-8.266394095
-8.240769053
-8.214657994
-8.188063363
-8.160987636
-8.133433313
-8.10540292
-8.076899012
-8.047924169
-8.018480995
-7.988572124
-7.958200211
-7.927367939
-7.896078016
-7.864333175
-7.832136173
-7.799489792
-7.766396838
-7.73286014
-7.698882554
-7.664466956
-7.629616249
-7.594333355
-7.558621223
-7.522482823
-7.485921146
-7.448939207
-7.411540044
-7.373726715
-7.335502301
-7.296869902
-7.257832642
-7.218393664
-7.178556133
-7.138323233
-7.097698169
-7.056684167
-7.01528447
-6.973502342
-6.931341068
-6.888803949
-6.845894306
-6.80261548
-6.758970827
-6.714963724
-6.670597564
-6.625875759
-6.580801736
-6.535378942
-6.489610839
-6.443500906
-6.397052637
-6.350269544
-6.303155154
-6.25571301
-6.207946669
-6.159859704
-6.111455704
-6.062738269
-6.013711017
-5.964377578
-5.914741597
-5.864806731
-5.814576651
-5.764055042
-5.7132456
-5.662152035
-5.610778068
-5.559127433
-5.507203875
-5.455011151
-5.402553029
-5.349833288
-5.296855717
-5.243624117
-5.190142297
-5.136414078
-5.082443289
-5.02823377
-4.973789369
-4.919113944
-4.864211359
-4.809085489
-4.753740216
-4.69817943
-4.642407029
-4.586426917
-4.530243007
-4.473859218
-4.417279473
-4.360507706
-4.303547853
-4.246403857
-4.189079668
-4.131579238
-4.073906528
-4.0160655
-3.958060122
-3.899894367
-3.84157221
-3.783097631
-3.724474613
-3.665707143
-3.606799209
-3.547754803
-3.488577919
-3.429272553
-3.369842703
-3.310292369
-3.25062555
-3.19084625
-3.13095847
-3.070966214
-3.010873485
-2.950684287
-2.890402622
-2.830032495
-2.769577906
-2.709042857
-2.648431347
-2.587747375
-2.526994937
-2.466178028
-2.40530064
-2.344366762
-2.283380382
-2.222345483
-2.161266046
-2.100146049
-2.038989465
-1.977800262
-1.916582406
-1.855339859
-1.794076574
-1.732796504
-1.671503595
-1.610201785
-1.54889501
-1.487587197
-1.42628227
-1.364984144
-1.303696727
-1.242423923
-1.181169625
-1.119937722
-1.058732094
-0.997556612
-0.93641514
-0.875311534
-0.81424964
-0.753233298
-0.692266336
-0.631352573
-0.57049582
-0.509699878
-0.448968537
-0.388305578
-0.32771477
-0.267199873
-0.206764636
-0.146412795
-0.086148078
-0.025974197
0.034105143
0.094086252
0.153965451
0.213739075
0.273403469
0.332954992
0.392390017
0.451704929
0.510896128
0.569960025
0.628893048
0.687691636
0.746352245
0.804871344
0.863245417
0.921470963
0.979544496
1.037462545
1.095221655
1.152818387
1.210249317
1.267511037
1.324600156
1.381513299
1.438247108
1.494798243
1.551163377
1.607339205
1.663322437
1.7191098
1.77469804
1.830083921
1.885264225
1.94023575
1.994995317
2.049539761
2.103865939
2.157970725
2.211851014
2.265503719
2.318925773
2.372114128
2.425065757
2.477777651
2.530246824
2.582470308
2.634445155
2.686168441
2.73763726
2.788848726
2.839799977
2.89048817
2.940910484
2.991064121
3.040946302
3.090554271
3.139885295
3.188936661
3.23770568
3.286189685
3.334386031
3.382292095
3.429905278
3.477223004
3.524242718
3.570961892
3.617378017
3.663488609
3.70929121
3.754783381
3.79996271
3.844826808
3.88937331
3.933599875
3.977504186
4.021083951
4.064336903
4.107260796
4.149853413
4.19211256
4.234036067
4.27562179
4.316867609
4.35777143
4.398331185
4.438544829
4.478410345
4.51792574
4.557089045
4.595898321
4.634351651
4.672447145
4.710182939
4.747557195
4.7845681
4.82121387
4.857492744
4.893402989
4.928942898
4.96411079
4.998905011
5.033323933
5.067365956
5.101029505
5.134313031
5.167215016
5.199733963
5.231868407
5.263616907
5.294978049
5.325950448
5.356532744
5.386723606
5.416521727
5.445925832
5.474934669
5.503547015
5.531761675
5.559577479
5.586993287
5.614007985
5.640620487
5.666829734
5.692634694
5.718034364
5.743027768
5.767613956
5.791792007
5.815561028
5.838920153
5.861868543
5.884405387
5.906529902
5.928241333
5.949538951
5.970422056
5.990889976
6.010942064
6.030577705
6.049796307
6.068597308
6.086980175
6.104944399
6.122489501
6.13961503
6.156320561
6.172605697
6.188470069
6.203913335
6.21893518
6.233535318
6.24771349
6.261469463
6.274803032
6.28771402
6.300202278
6.312267682
6.323910137
6.335129574
6.345925953
6.356299259
6.366249505
6.375776731
6.384881005
6.39356242
6.401821098
6.409657185
6.417070857
6.424062314
6.430631785
6.436779524
6.442505812
6.447810957
6.452695292
6.457159179
6.461203004
6.46482718
6.468032146
6.470818367
6.473186335
6.475136566
6.476669605
6.477786019
6.478486404
6.478771379
6.478641592
6.478097713
6.477140438
6.475770491
6.473988618
6.471795592
6.469192211
6.466179297
6.462757697
6.458928284
6.454691954
6.450049629
6.445002255
6.439550802
6.433696265
6.427439663
6.420782038
6.413724458
6.406268012
6.398413817
6.390163009
6.38151675
6.372476226
6.363042646
6.35321724
6.343001263
6.332395994
6.321402732
6.310022802
6.298257548
6.286108339
6.273576567
6.260663644
6.247371005
6.233700107
6.21965243
6.205229473
6.19043276
6.175263833
6.159724259
6.143815624
6.127539534
6.110897618
6.093891525
6.076522925
6.058793508
6.040704985
6.022259086
6.003457563
5.984302186
5.964794746
5.944937054
5.924730939
5.90417825
5.883280856
5.862040644
5.84045952
5.818539411
5.796282258
5.773690025
5.750764692
5.727508258
5.703922738
5.680010169
5.6557726
5.631212103
5.606330763
5.581130685
5.555613991
5.529782817
5.503639319
5.477185668
5.45042405
5.423356671
5.39598575
5.368313522
5.340342239
5.312074167
5.283511588
5.254656801
5.225512117
5.196079864
5.166362383
5.136362032
5.106081179
5.075522212
5.044687527
5.013579539
4.982200672
4.950553368
4.918640078
4.886463269
4.85402542
4.821329022
4.788376581
4.755170611
4.721713643
4.688008216
4.654056884
4.619862211
4.585426772
4.550753155
4.515843958
4.480701789
4.445329268
4.409729027
4.373903704
4.337855952
4.301588431
4.265103811
4.228404773
4.191494007
4.154374211
4.117048093
4.07951837
4.041787768
4.00385902
3.965734869
3.927418065
3.888911367
3.850217539
3.811339357
3.772279601
3.733041059
3.693626527
3.654038805
3.614280702
3.574355034
3.534264622
3.494012291
3.453600877
3.413033216
3.372312153
3.331440538
3.290421224
3.249257072
3.207950944
3.16650571
3.124924242
3.083209416
3.041364115
2.999391222
2.957293625
2.915074216
2.872735889
2.830281543
2.787714077
2.745036394
2.702251401
2.659362003
2.616371112
2.573281638
2.530096494
2.486818596
2.443450859
2.399996199
2.356457535
2.312837786
2.26913987
2.225366707
2.181521215
2.137606316
2.093624928
2.049579969
2.005474358
1.961311013
1.91709285
1.872822784
1.82850373
1.784138599
1.739730303
1.69528175
1.650795847
1.606275499
1.561723607
1.517143072
1.472536789
1.427907653
1.383258554
1.33859238
1.293912013
1.249220333
1.204520218
1.159814538
1.115106161
1.070397952
1.025692768
0.980993464
0.936302888
0.891623885
0.846959293
0.802311946
0.757684671
0.713080289
0.668501617
0.623951464
0.579432634
0.534947923
0.490500121
0.446092013
0.401726373
0.357405973
0.313133572
0.268911926
0.224743782
0.180631878
0.136578946
0.092587708
0.048660879
0.004801165
-0.038988736
-0.082706137
-0.126348357
-0.169912725
-0.21339658
-0.256797271
-0.300112154
-0.343338597
-0.386473977
-0.429515681
-0.472461106
-0.515307661
-0.558052763
-0.60069384
-0.643228333
-0.685653692
-0.727967378
-0.770166864
-0.812249634
-0.854213182
-0.896055018
-0.937772658
-0.979363635
-1.02082549
-1.062155779
-1.103352069
-1.144411941
-1.185332985
-1.226112808
-1.266749028
-1.307239274
-1.347581192
-1.387772439
-1.427810686
-1.467693616
-1.507418928
-1.546984332
-1.586387556
-1.625626337
-1.664698431
-1.703601604
-1.742333639
-1.780892333
-1.819275497
-1.857480957
-1.895506554
-1.933350144
-1.971009598
-2.008482801
-2.045767656
-2.08286208
-2.119764004
-2.156471376
-2.19298216
-2.229294336
-2.265405899
-2.30131486
-2.337019248
-2.372517105
-2.407806492
-2.442885485
-2.477752179
-2.512404681
-2.54684112
-2.581059638
-2.615058394
-2.648835568
-2.682389352
-2.715717958
-2.748819615
-2.781692569
-2.814335083
-2.846745439
-2.878921934
-2.910862886
-2.942566627
-2.97403151
-3.005255905
-3.0362382
-3.066976799
-3.097470127
-3.127716627
-3.157714758
-3.187463
-3.216959849
-3.246203821
-3.27519345
-3.303927289
-3.33240391
-3.360621902
-3.388579875
-3.416276457
-3.443710293
-3.470880051
-3.497784414
-3.524422086
-3.550791791
-3.576892271
-3.602722286
-3.628280617
-3.653566065
-3.678577449
-3.703313606
-3.727773397
-3.751955697
-3.775859405
-3.799483437
-3.822826729
-3.845888239
-3.86866694
-3.891161829
-3.913371922
-3.935296252
-3.956933875
-3.978283866
-3.999345319
-4.020117349
-4.040599089
-4.060789695
-4.08068834
-4.100294219
-4.119606546
-4.138624555
-4.157347501
-4.175774658
-4.193905321
-4.211738804
-4.229274442
-4.24651159
-4.263449623
-4.280087935
-4.296425942
-4.312463079
-4.328198801
-4.343632585
-4.358763926
-4.37359234
-4.388117362
-4.40233855
-4.416255479
-4.429867746
-4.443174968
-4.45617678
-4.468872841
-4.481262826
-4.493346433
-4.50512338
-4.516593402
-4.527756258
-4.538611724
-4.549159598
-4.559399698
-4.569331859
-4.57895594
-4.588271817
-4.597279388
-4.605978569
-4.614369297
-4.622451529
-4.630225241
-4.637690429
-4.644847108
-4.651695316
-4.658235106
-4.664466554
-4.670389754
-4.67600482
-4.681311885
-4.686311103
-4.691002647
-4.695386707
-4.699463496
-4.703233243
-4.7066962
-4.709852633
-4.712702833
-4.715247105
-4.717485777
-4.719419194
-4.72104772
-4.722371739
-4.723391653
-4.724107882
-4.724520867
-4.724631065
-4.724438955
-4.72394503
-4.723149807
-4.722053816
-4.720657609
-4.718961756
-4.716966843
-4.714673477
-4.712082281
-4.709193897
-4.706008984
-4.702528222
-4.698752305
-4.694681946
-4.690317877
-4.685660846
-4.680711619
-4.67547098
-4.669939731
-4.664118689
-4.658008689
-4.651610585
-4.644925247
-4.637953561
-4.63069643
-4.623154775
-4.615329534
-4.60722166
-4.598832123
-4.59016191
-4.581212024
-4.571983486
-4.562477329
-4.552694607
-4.542636387
-4.532303753
-4.521697803
-4.510819654
-4.499670436
-4.488251295
-4.476563393
-4.464607907
-4.45238603
-4.439898969
-4.427147947
-4.4141342
-4.400858982
-4.387323559
-4.373529212
-4.359477238
-4.345168947
-4.330605665
-4.315788729
-4.300719493
-4.285399324
-4.269829604
-4.254011725
-4.237947098
-4.221637142
-4.205083295
-4.188287004
-4.171249731
-4.153972951
-4.136458151
-4.118706832
-4.100720507
-4.082500703
-4.064048957
-4.045366821
-4.026455857
-4.007317641
-3.987953759
-3.968365812
-3.948555409
-3.928524173
-3.908273738
-3.88780575
-3.867121866
-3.846223752
-3.825113089
-3.803791565
-3.782260882
-3.76052275
-3.738578892
-3.71643104
-3.694080936
-3.671530332
-3.648780992
-3.625834687
-3.602693201
-3.579358324
-3.555831859
-3.532115617
-3.508211416
-3.484121087
-3.459846467
-3.435389403
-3.410751752
-3.385935377
-3.360942151
-3.335773955
-3.310432678
-3.284920218
-3.259238479
-3.233389375
-3.207374826
-3.18119676
-3.154857113
-3.128357827
-3.101700853
-3.074888146
-3.047921671
-3.020803398
-2.993535304
-2.966119371
-2.938557591
-2.910851957
-2.883004473
-2.855017145
-2.826891987
-2.798631018
-2.770236262
-2.741709749
-2.713053513
-2.684269596
-2.65536004
-2.626326897
-2.59717222
-2.567898068
-2.538506504
-2.508999596
-2.479379413
-2.449648033
-2.419807534
-2.389859998
-2.359807512
-2.329652165
-2.299396051
-2.269041265
-2.238589905
-2.208044075
-2.177405878
-2.146677421
-2.115860813
-2.084958167
-2.053971595
-2.022903214
-1.991755141
-1.960529495
-1.929228397
-1.89785397
-1.866408337
-1.834893622
-1.803311953
-1.771665454
-1.739956254
-1.708186481
-1.676358262
-1.644473728
-1.612535006
-1.580544226
-1.548503517
-1.516415008
-1.484280827
-1.452103102
-1.419883961
-1.387625529
-1.355329933
-1.322999298
-1.290635746
-1.258241401
-1.225818382
-1.193368809
-1.1608948
-1.128398471
-1.095881934
-1.063347303
-1.030796686
-0.99823219
-0.96565592
-0.933069979
-0.900476465
-0.867877475
-0.835275102
-0.802671436
-0.770068565
-0.737468572
-0.704873538
-0.672285538
-0.639706646
-0.60713893
-0.574584455
-0.542045281
-0.509523466
-0.477021061
-0.444540113
-0.412082666
-0.379650757
-0.347246419
-0.314871682
-0.282528566
-0.250219091
-0.217945269
-0.185709106
-0.153512604
-0.121357758
-0.089246559
-0.057180989
-0.025163026
0.006805358
0.038722199
0.070585537
0.10239342
0.134143904
0.16583505
0.197464925
0.229031605
0.260533173
0.291967718
0.323333337
0.354628134
0.385850222
0.416997719
0.448068755
0.479061463
0.509973987
0.540804479
0.571551097
0.602212011
0.632785396
0.663269436
0.693662327
0.723962268
0.754167473
0.78427616
0.814286558
0.844196905
0.87400545
0.903710447
0.933310163
0.962802874
0.992186865
1.02146043
1.050621874
1.079669511
1.108601665
1.137416672
1.166112876
1.194688632
1.223142304
1.251472269
1.279676912
1.30775463
1.335703831
1.363522933
1.391210365
1.418764566
1.446183988
1.473467093
1.500612354
1.527618255
1.554483293
1.581205974
1.607784817
1.634218352
1.660505122
1.68664368
1.712632591
1.738470433
1.764155795
1.789687278
1.815063496
1.840283074
1.865344649
1.890246872
1.914988405
1.939567922
1.963984111
1.988235672
2.012321316
2.036239769
2.059989769
2.083570066
2.106979424
2.130216619
2.153280439
2.176169688
2.198883181
2.221419746
2.243778225
2.265957472
2.287956357
2.30977376
2.331408577
2.352859716
2.374126098
2.39520666
2.41610035
2.436806131
2.457322979
2.477649884
2.49778585
2.517729895
2.53748105
2.55703836
2.576400884
2.595567697
2.614537885
2.633310548
2.651884804
2.67025978
2.688434621
2.706408483
2.72418054
2.741749978
2.759115995
2.776277809
2.793234646
2.809985751
2.826530381
2.842867809
2.858997321
2.874918217
2.890629814
2.906131441
2.921422443
2.936502178
2.951370019
2.966025356
2.98046759
2.994696138
3.008710433
3.02250992
3.036094061
3.049462331
3.062614221
3.075549234
3.088266892
3.100766727
3.113048289
3.125111142